0.000245756 0.00162208 0.00165605 0.00245508 0.00463272 0.00869224 0.0173967 0.0288758 0.0591048 0.270275 0.40516 0.109701 0.0313519 0.0200648 0.0154511 0.0104468 0.00439939 0.00322457 0.00183486 0.00295335 0.000455268 
0 0 0.000147638 0.00141174 0.00439267 0.0119101 0.0221678 0.0433315 0.100932 0.241409 0.302676 0.141054 0.0529742 0.0256972 0.0194093 0.0151676 0.0093622 0.00563521 0.00186688 0.000454034 0 
0.0001563 0.00392254 0.00893726 0.0113147 0.0140777 0.018822 0.0294398 0.0389205 0.0757134 0.192459 0.273805 0.107609 0.0538817 0.0437229 0.0367406 0.02512 0.0224347 0.0210354 0.0159406 0.00589498 5.19389e-005 
0 0.00252733 0.00187329 0.00227264 0.00314537 0.00478021 0.00875364 0.0253229 0.08879 0.255265 0.350631 0.121476 0.0311033 0.0152825 0.013587 0.0151514 0.0145016 0.0156239 0.0162617 0.0122437 0.00140701 
0 0 0 0.000266711 0.0007923 0.00301623 0.00761931 0.0271859 0.0967912 0.303831 0.312406 0.0741142 0.0367725 0.0315587 0.0252635 0.0220699 0.0219435 0.0211764 0.0138407 0.00135197 0 
0.000610863 0.000196273 0.000291928 6.00962e-005 0.000599211 0.00174593 0.00683515 0.0221389 0.0701848 0.247431 0.429309 0.165491 0.0344205 0.00906287 0.00473508 0.00271041 0.00264203 0.000765251 0.00069414 7.57576e-005 0 
0 0.00630591 0.00483024 0.00167373 0.000420203 0.00230937 0.0118187 0.0507698 0.114521 0.200007 0.283385 0.140461 0.0705902 0.0392964 0.0292012 0.0190271 0.0120216 0.00906178 0.00364341 0.000655866 0 
0 0 0 0.000322971 0.0018916 0.00374834 0.00792268 0.0104979 0.0205075 0.238204 0.62735 0.0686295 0.00928054 0.00543431 0.00463852 0.00128445 0.000254082 3.36022e-005 0 0 0 
0 0 4.84213e-005 0.000122263 0.0003071 0.00141311 0.0020836 0.0056906 0.0193742 0.318082 0.567247 0.0429762 0.0175523 0.0100483 0.00598697 0.00382001 0.00180745 0.00171094 0.000770774 0.000655861 0.000303442 
0.000211483 0.00164334 0.00502857 0.00545073 0.00271968 0.00251249 0.00417133 0.00730683 0.0363495 0.295503 0.515742 0.0726634 0.0124809 0.00859509 0.00864529 0.00740324 0.00544504 0.00468514 0.00262903 0.000813924 0 
0.000159909 0.0075676 0.00673285 0.00364565 0.00976996 0.0266609 0.0480423 0.0824411 0.122306 0.161071 0.178604 0.158034 0.0943668 0.0456244 0.0269014 0.0177659 0.00720556 0.00270719 0.000208919 0.000185016 0 
0.000340453 0.001431 0.00283392 0.00835052 0.0189318 0.0283291 0.0412143 0.06286 0.10064 0.163792 0.194677 0.151019 0.0885178 0.0529172 0.0349509 0.022912 0.0172029 0.00737473 0.00140612 0.000299272 0 
0 0 0 0 7.73428e-005 0.000433898 0.00320358 0.00937966 0.0224647 0.263517 0.613548 0.0457696 0.0136326 0.00979471 0.00711296 0.00573613 0.00350919 0.00127697 0.000543088 0 0 
0.000244168 0.00419477 0.00605679 0.00503891 0.00308669 0.00332473 0.00550406 0.0167116 0.0727032 0.305644 0.400727 0.122679 0.0253754 0.00886229 0.00521263 0.0044387 0.00474472 0.0035932 0.00178775 7.02247e-005 0 
0 0 9.84694e-005 0.000218607 0.000975042 0.00251785 0.00543171 0.0204121 0.0677376 0.309993 0.388643 0.129282 0.0420192 0.0137369 0.00767546 0.0053342 0.00389372 0.0016347 0.000396238 0 0 
0.000146411 0.00182981 0.00422667 0.00736796 0.0136461 0.0162886 0.0212345 0.0259439 0.0561012 0.225116 0.412744 0.171204 0.0324457 0.0076992 0.00254508 0.000822368 0.000546205 9.17876e-005 0 0 0 
0 0 0 0 0.000446984 0.00386246 0.00755241 0.0242388 0.0712925 0.272658 0.38199 0.169368 0.0564576 0.0114299 0.000569396 0.000134698 0 0 0 0 0 
0 0 4.96032e-005 0.000528923 0.000605715 0.00152191 0.00478166 0.014987 0.0543877 0.302957 0.471545 0.104905 0.0257754 0.00755976 0.00430681 0.00277614 0.00235177 0.000679169 0.00028138 0 0 
0 0 0.000159205 0.000852164 0.0014496 0.00548063 0.0117612 0.018727 0.0513144 0.334695 0.383937 0.0744334 0.022222 0.0180784 0.016589 0.0168447 0.0189699 0.0178616 0.00606354 0.000542371 1.88253e-005 
0.000318375 0.00383409 0.000878746 0.000184576 0.000267735 0.000600497 0.00192582 0.0103086 0.054368 0.366828 0.43331 0.0454544 0.0228864 0.0194628 0.0160973 0.0135914 0.00762587 0.00164134 0.000416403 0 0 
0 2.3855e-005 7.15649e-005 0.000477619 0.000850565 0.00123027 0.00204469 0.00443639 0.0177017 0.277819 0.607663 0.0461773 0.0116483 0.00874917 0.00684498 0.00611237 0.00473396 0.0024233 0.000561274 0.000430003 0 
0.000247238 0.0020746 0.00245521 0.00038212 0.000633388 0.00139544 0.00306841 0.00825424 0.0460763 0.320167 0.473265 0.0998936 0.0174476 0.00714994 0.00737176 0.00358285 0.00354514 0.00178382 0.000838458 0.000368011 0 
0 0 0.000382148 0.000840482 0.000867504 0.0035052 0.0134977 0.04307 0.123184 0.240132 0.296275 0.171858 0.0662143 0.0202285 0.00879329 0.00456685 0.00406261 0.00204034 0.000481328 0 0 
0 0 4.5621e-005 0.000574028 0.00156735 0.00735684 0.021445 0.0607688 0.120525 0.272517 0.226678 0.0737665 0.057085 0.0536077 0.0514258 0.0328809 0.0140793 0.00399842 0.00146159 0.000217662 0 
0.000360721 0.00794542 0.00561729 0.00715497 0.00791544 0.0109608 0.0226926 0.0513714 0.103871 0.205093 0.265327 0.165949 0.0806629 0.0347125 0.0142364 0.00742661 0.00356096 0.00364551 0.00131759 0.000179146 0 
0 0.00080786 0.0028325 0.00673179 0.010972 0.0133521 0.0181677 0.0225142 0.0441807 0.239965 0.473821 0.11354 0.0245151 0.0131882 0.00666049 0.00464498 0.00303148 0.000575255 0.000333333 0.000166667 0 
0 0 0.000214596 0.00131121 0.00428029 0.0187493 0.0447566 0.0701967 0.0942503 0.166005 0.298569 0.147247 0.0989922 0.0407038 0.00803776 0.00393265 0.00177464 0.000744546 0.000234214 0 0 
0 0 0 0.000260561 0.000540455 0.00172547 0.00558732 0.024336 0.0998523 0.274659 0.367804 0.1241 0.0528775 0.0252176 0.0132293 0.00358709 0.00219498 0.00230485 0.00108132 0.000642993 0 
0 0 0 4.01929e-005 6.02894e-005 0.000256775 0.0011903 0.00446121 0.0220732 0.314548 0.558357 0.0734124 0.0149552 0.00457888 0.00260416 0.00216946 0.00120439 8.88626e-005 0 0 0 
0 0 0.000765775 0.00385492 0.0105013 0.0196097 0.0305604 0.043497 0.0695987 0.196639 0.352919 0.190052 0.0637216 0.014074 0.00307125 0.000686102 0.000449914 0 0 0 0 
0 0 0.00046241 0.00132926 0.00157827 0.00420405 0.00790123 0.021614 0.058984 0.263207 0.484115 0.11552 0.0247821 0.00917779 0.00368654 0.00176844 0.00110871 0.000468101 9.32018e-005 0 0 
1.69837e-005 0.000419493 0.000525785 0.0011104 0.00310232 0.00502929 0.0156832 0.0499121 0.114797 0.286184 0.239201 0.0712767 0.0462531 0.0338648 0.0292847 0.0251228 0.02808 0.0274172 0.0181725 0.00440664 0.00014078 
0 0 0.000132932 0.000261833 0.00135832 0.00312295 0.0056982 0.00886151 0.0226291 0.293907 0.498058 0.0736867 0.0244347 0.0228987 0.0141803 0.00996718 0.00830014 0.00604425 0.00452447 0.00171829 0.000215246 
0 0 0.000149829 0.000367839 0.000502066 0.00136088 0.00338244 0.00720371 0.0357566 0.285705 0.538791 0.0814251 0.0214522 0.00791909 0.00538333 0.00446858 0.00308671 0.00195006 0.000727329 0.000368133 0 
0 0 8.72093e-005 0.000473248 0.00126514 0.00333518 0.00530304 0.00756526 0.0237889 0.253951 0.602928 0.0514974 0.0188832 0.0103102 0.00727209 0.00546441 0.00353181 0.00248679 0.00152854 0.000327631 0 
0 5.71661e-005 0.000490409 0.00122526 0.00237403 0.00503681 0.0105909 0.0366092 0.104887 0.254721 0.330553 0.15943 0.059098 0.017457 0.0066516 0.00408831 0.00385322 0.00242181 0.00045587 0 0 
2.39006e-005 0.00276316 0.00569086 0.0107752 0.0186255 0.0303583 0.039249 0.059405 0.101271 0.160324 0.209041 0.13331 0.0786883 0.0489012 0.0340167 0.0255182 0.0174988 0.0119648 0.00934732 0.00296491 0.000261834 
0 0.00276077 0.00310838 0.00284155 0.00639876 0.018947 0.0394826 0.0594087 0.0990238 0.186656 0.268178 0.164743 0.0838926 0.039096 0.0130037 0.00684011 0.00480417 0.000814528 0 0 0 
0.00118484 0.0307655 0.030085 0.029459 0.0354964 0.0379093 0.0438072 0.0587898 0.0909678 0.171602 0.216131 0.125164 0.0637743 0.0325601 0.0151301 0.00826803 0.00532527 0.00260521 0.000851958 0.000122888 0 
0 0 0.000104962 0.00108091 0.00750114 0.01773 0.0298314 0.050236 0.0962677 0.161112 0.349147 0.200962 0.0408627 0.0181775 0.0088991 0.0061666 0.00556326 0.00364444 0.0018897 0.00082323 0 
