0.184733 0.00270135 0.000446528 6.71251e-006 7.51429e-010 -4.10025e-008 -2.67835e-010 
0.210722 0.011585 0.00245026 0.000444501 8.90071e-007 6.09813e-005 1.02284e-008 
0.199073 0.000841403 0.000197896 0.000104026 1.12761e-008 -2.85857e-007 -6.52875e-010 
0.168107 0.000443905 7.00755e-005 8.72909e-006 -2.11671e-010 -3.22017e-008 3.16152e-011 
0.176101 0.000678985 6.26143e-005 2.14655e-005 -3.51346e-011 -3.80637e-007 -1.63779e-010 
0.172996 0.00432863 6.00308e-005 4.86818e-006 1.93748e-010 3.48161e-007 -2.5753e-012 
0.237116 0.0308748 0.000142753 4.99807e-005 1.59253e-008 8.90792e-006 -7.57875e-010 
0.165824 0.000356386 0.000445509 2.6946e-006 3.27501e-011 9.89445e-009 1.45201e-010 
0.226537 0.0257377 0.000139216 1.52802e-005 -1.79211e-010 -2.73232e-007 -5.55269e-010 
0.172558 0.0034515 0.000148626 2.36024e-005 3.95855e-009 2.03663e-006 1.29606e-011 
0.162545 0.000348634 2.61727e-005 1.89993e-007 1.40955e-013 6.00361e-010 -1.52717e-013 
0.166845 0.000797148 0.000365067 5.70747e-006 2.82334e-010 1.59038e-007 -9.80365e-011 
0.189036 0.00971051 0.000171179 2.80113e-005 2.33799e-009 2.71496e-006 1.4641e-010 
0.196554 0.0126802 0.000144091 3.35048e-005 3.20072e-009 3.69422e-006 1.48283e-010 
0.194915 0.0120976 0.000138966 3.53912e-005 5.64565e-009 4.31559e-006 1.87465e-010 
0.175465 0.000755283 0.000300505 1.12595e-005 9.25135e-010 2.48224e-007 9.72912e-011 
0.184569 0.00653819 0.000472832 3.19583e-005 -4.00664e-009 -2.20565e-006 8.60559e-010 
0.211917 0.0199536 0.000491399 0.000139884 1.15278e-007 2.63292e-005 -9.05987e-009 
0.211552 0.003958 0.000756235 2.56898e-005 7.07966e-009 -7.95699e-007 4.03358e-009 
0.170348 0.000953386 0.000243174 5.49512e-007 -5.79882e-013 -7.45357e-009 -2.11402e-012 
0.180579 0.00663478 7.68503e-005 1.40517e-005 1.94371e-009 1.049e-006 5.71462e-011 
0.188641 0.00946257 8.85655e-005 2.05424e-005 1.42913e-009 2.14638e-006 2.53053e-011 
0.209036 0.017873 0.000180796 6.03633e-005 2.05082e-008 8.95046e-006 1.02098e-009 
0.164828 0.000576124 0.000222178 4.14387e-006 5.318e-011 8.72276e-008 7.39454e-011 
0.178564 0.00554557 0.000218691 7.67732e-005 7.62707e-008 1.06584e-005 -1.48858e-009 
0.256148 0.00795286 0.00886131 0.000182955 4.2125e-008 3.12535e-006 -8.30756e-008 
0.225351 0.0253311 0.000113874 2.44515e-005 1.60245e-009 2.89467e-006 3.12211e-010 
0.192695 0.010656 0.000229643 4.38769e-005 9.88852e-009 4.02427e-006 4.47191e-009 
0.220428 0.0191922 0.00251614 0.000701834 1.82495e-006 0.000105586 6.83007e-008 
0.201947 0.0107546 0.000922809 0.000202126 1.5679e-007 2.21461e-005 8.14636e-009 
0.2076 0.00836846 0.000986317 9.14339e-005 1.08782e-007 1.0068e-005 -1.35363e-009 
0.188963 0.00577454 0.000321004 1.17194e-005 8.87656e-010 7.43814e-007 -1.07045e-010 
0.381974 0.124153 0.00232381 0.00187735 3.69703e-006 0.000461287 1.44537e-006 
0.168114 0.0026696 3.82794e-005 1.43563e-006 1.76915e-011 5.86113e-008 -8.69503e-014 
0.177617 0.00530792 0.000290386 5.94077e-005 6.54621e-008 5.36259e-006 -2.57745e-008 
0.166159 0.00070926 0.000359271 2.18271e-006 -1.34177e-011 -1.98111e-008 -3.63458e-011 
0.181944 0.00724024 0.000107375 1.02379e-005 5.86019e-010 9.00375e-007 -2.96962e-011 
0.193527 0.011421 5.19778e-005 1.24047e-005 7.65224e-010 1.20951e-006 7.65007e-012 
0.211861 0.0170585 0.00057239 0.000188438 2.09729e-007 2.71416e-005 -3.5722e-008 
0.200724 0.0140228 0.000342838 8.69999e-005 2.07277e-008 1.03989e-005 5.98951e-010 
